Operator=Moussa
Date=2024_02_04
CrystalName=test
CrystalNum=000
CrystalExtra=
FramesNumLimit=0
DatasetPath=C:/Moussa_Software_Data/Moussa/test/2024_02_04/000/
TrackingImgPath=C:/Moussa_Software_Data/Moussa/test/2024_02_04/000/CrystalTracking/
EucentricHeighPath=C:/Moussa_Software_Data/Moussa/test/2024_02_04/000/EucentricHeight/
AngleStart=-60.0000000000
AngleEnd=60.0000000000
VariableIntervalStart=-70.0000000000
VariableIntervalEnd=70.0000000000
EucentricHeightTiltSteps=30.0000000000
EucentricHeightDeltaZ=10.0000000000
ImageBasedTrackingSteps=2.0000000000
ImageBasedTrackingStepsVariable=2.0000000000
Bool_ImageBasedRecord=1
Bool_StepwiseTracking=0
Bool_BlankDuringTracking=1
Bool_ImageBasedTrack=1
Bool_ImageBasedMode=0
Bool_LinearMovementTrack=0
Bool_MouveMouseTest=0
Bool_ReadjustZ=0
Bool_CheckEucentricHeight=0
Bool_EnableVariableInterval=0
CALIB_Ill_shift_X=4431.3061523438
CALIB_Ill_shift_Y=4895.3627929688
CALIB_Delta_Shift_GUI=255
CALIB_Delta_Shift=0.7500000000
CALIB_Ill_shift_X0=0.0000000000
CALIB_Ill_shift_X1=0.0000000000
CALIB_Ill_shift_X2=0.0000000000
CALIB_Ill_shift_X3=0.0000000000
CALIB_Ill_shift_X4=0.0000000000
CALIB_Ill_shift_X5=0.0000000000
CALIB_Ill_shift_Y0=0.0000000000
CALIB_Ill_shift_Y1=0.0000000000
CALIB_Ill_shift_Y2=0.0000000000
CALIB_Ill_shift_Y3=0.0000000000
CALIB_Ill_shift_Y4=0.0000000000
CALIB_Ill_shift_Y5=0.0000000000
CALIB_Ill_shift_state=1
CALIB_Ill_shift_state_fine=0
CALIB_Ill_radius=19.2634563446
CALIB_BASE_VEC_X_X=0.5991623998
CALIB_BASE_VEC_X_Y=-0.8006275296
CALIB_BASE_VEC_Y_X=0.7934156656
CALIB_BASE_VEC_Y_Y=0.6086801291
CALIB_AFTER_X_SHIFT_X=11.0000000000
CALIB_AFTER_X_SHIFT_Y=21.0000000000
CALIB_AFTER_Y_SHIFT_X=31.0000000000
CALIB_AFTER_Y_SHIFT_Y=41.0000000000
SEARCH_Ill_shift_X=0.0000000000
SEARCH_Ill_shift_Y=0.0000000000
SEARCH_Ill_shift_X_lowmag=0.0000000000
SEARCH_Ill_shift_Y_lowmag=0.0000000000
SEARCH_Ill_shift_X_to_Screen=298.0000000000
SEARCH_Ill_shift_Y_to_Screen=298.0000000000
SEARCH_Img_shift_X=0.0000000000
SEARCH_Img_shift_Y=0.0000000000
SEARCH_Img_shift_X_lowmag=0.0000000000
SEARCH_Img_shift_Y_lowmag=0.0000000000
SEARCH_Apert_Num=0
SEARCH_Img_mode=0
SEARCH_Img_mode_lowmag=0
SEARCH_Ill_index=0.0000000000
SEARCH_Ill_index_lowmag=0.0000000000
SEARCH_Mag_index=0.0000000000
SEARCH_Mag_index_lowmag=0.0000000000
SEARCH_Spec_Mag_index=0.0000000000
SEARCH_Spec_Mag_index_lowmag=0.0000000000
SEARCH_Focus=0.0000000000
SEARCH_Focus_lowmag=0.0000000000
IMG_Ill_shift_X=0.0000000000
IMG_Ill_shift_Y=0.0000000000
IMG_Ill_shift_X_lowmag=0.0000000000
IMG_Ill_shift_Y_lowmag=0.0000000000
IMG_Ill_shift_X_to_Screen=298.0000000000
IMG_Ill_shift_Y_to_Screen=298.0000000000
IMG_Img_shift_X=0.0000000000
IMG_Img_shift_Y=0.0000000000
IMG_Img_shift_X_lowmag=0.0000000000
IMG_Img_shift_Y_lowmag=0.0000000000
IMG_Apert_Num=0
IMG_Img_mode=0
IMG_Img_mode_lowmag=0
IMG_Ill_index=0.0000000000
IMG_Ill_index_lowmag=0.0000000000
IMG_Mag_index=0.0000000000
IMG_Mag_index_lowmag=0.0000000000
IMG_Spec_Mag_index=0.0000000000
IMG_Spec_Mag_index_lowmag=0.0000000000
IMG_Focus=0.0000000000
IMG_Focus_lowmag=0.0000000000
DIFF_Ill_shift_X=0.0000000000
DIFF_Ill_shift_Y=0.0000000000
DIFF_Ill_shift_X_to_Screen=0.0000000000
DIFF_Ill_shift_Y_to_Screen=0.0000000000
DIFF_Img_shift_X=0.0000000000
DIFF_Img_shift_Y=0.0000000000
DIFF_Apert_Num=0
DIFF_Img_mode=0
DIFF_Ill_index=0.0000000000
DIFF_Mag_index=0.0000000000
DIFF_Spec_Mag_index=0.0000000000
DIFF_Focus=0.0000000000
